18
# x z
1.8	0.1
1.8	0.2
1.8	0.3
1.8	0.4
1.8	0.5
1.8	0.6
1.8	0.7
1.8	0.8
1.8	0.9
0.8	0.1
0.8	0.2
0.8	0.3
0.8	0.4
0.8	0.5
0.8	0.6
0.8	0.7
0.8	0.8
0.8	0.9
12
# a b m n rhoa k err
1	2	3	4	4.09540212265153e+00	-3.96832756242921e+00	-6.28793133395526e-02
2	3	4	5	5.91188222529540e+00	-3.83845502402244e+00	3.42752793277799e-01
3	4	5	6	4.80228601318802e+01	-3.80159111022631e+00	2.20381313837102e+00
4	5	6	7	3.23760287206560e+01	-3.78712539062879e+00	1.92703925870210e-01
5	6	7	8	6.50202536576602e+00	-3.78029661456755e+00	-1.37211313849978e-02
6	7	8	9	1.08025926155417e+00	-3.77665521147109e+00	-4.86936582975123e-02
10	11	12	13	1.65653439687864e+03	-3.96832756242921e+00	-1.36605216148374e-01
11	12	13	14	1.61265815840645e+03	-3.83845502402244e+00	-6.73021280587402e+01
12	13	14	15	1.70933563774336e+03	-3.80159111022631e+00	5.34503267499758e+01
13	14	15	16	1.66490658955797e+03	-3.78712539062879e+00	2.84512178812560e+01
14	15	16	17	1.57683773784529e+03	-3.78029661456755e+00	-3.98594106358514e+01
15	16	17	18	1.67936111104393e+03	-3.77665521147109e+00	5.98074390246501e+01
0
