18
# x z
1.8	0.1
1.8	0.2
1.8	0.3
1.8	0.4
1.8	0.5
1.8	0.6
1.8	0.7
1.8	0.8
1.8	0.9
0.8	0.1
0.8	0.2
0.8	0.3
0.8	0.4
0.8	0.5
0.8	0.6
0.8	0.7
0.8	0.8
0.8	0.9
12
# a b m n rhoa k err
1	2	3	4	1.36365384614248e+00	-3.96832756242921e+00	-5.32589282692162e-02
2	3	4	5	1.80354192006131e+00	-3.83845502402244e+00	1.97772834521815e-02
3	4	5	6	3.22308322053779e+00	-3.80159111022631e+00	4.76347483147399e-02
4	5	6	7	5.00406760185523e+00	-3.78712539062879e+00	-2.03325833657801e-02
5	6	7	8	4.09080213121416e+00	-3.78029661456755e+00	1.95345256877834e-01
6	7	8	9	2.56914894646638e+00	-3.77665521147109e+00	1.75279964198599e-02
10	11	12	13	2.16494710182218e+00	-3.96832756242921e+00	-2.88411183202611e-04
11	12	13	14	5.61952914724726e+00	-3.83845502402244e+00	-7.56434322352563e-02
12	13	14	15	2.37010123319335e+01	-3.80159111022631e+00	-5.33710106170132e-01
13	14	15	16	2.00956433432163e+02	-3.78712539062879e+00	-3.11432594280509e+00
14	15	16	17	5.95119141959882e+02	-3.78029661456755e+00	1.28995064393506e+01
15	16	17	18	1.45977214304577e+03	-3.77665521147109e+00	2.40327063457597e+01
0
