18
# x z
1.8	0.1
1.8	0.2
1.8	0.3
1.8	0.4
1.8	0.5
1.8	0.6
1.8	0.7
1.8	0.8
1.8	0.9
0.8	0.1
0.8	0.2
0.8	0.3
0.8	0.4
0.8	0.5
0.8	0.6
0.8	0.7
0.8	0.8
0.8	0.9
12
# a b m n rhoa k err
1	2	3	4	1.60148928033471e+00	-3.96832756242921e+00	6.82605602042154e-02
2	3	4	5	2.21767225169350e+00	-3.83845502402244e+00	1.40611419943591e-02
3	4	5	6	4.87330199465937e+00	-3.80159111022631e+00	-3.00051668583815e-01
4	5	6	7	8.15165561388431e+00	-3.78712539062879e+00	2.12065957933127e-01
5	6	7	8	4.87445100795756e+00	-3.78029661456755e+00	-1.71918191230998e-01
6	7	8	9	3.04734594031893e+00	-3.77665521147109e+00	1.13156470656984e-01
10	11	12	13	7.60944494475420e+00	-3.96832756242921e+00	-1.27151496172253e-02
11	12	13	14	3.08514411797089e+01	-3.83845502402244e+00	1.70281506527058e-01
12	13	14	15	1.42176673934264e+02	-3.80159111022631e+00	3.36170714754649e+00
13	14	15	16	7.73840116023317e+02	-3.78712539062879e+00	1.47289742438426e+01
14	15	16	17	1.56470161460992e+03	-3.78029661456755e+00	-2.63088415279066e+01
15	16	17	18	1.82664852911179e+03	-3.77665521147109e+00	4.63765792631356e+01
0
