18
# x z
1.8	0.1
1.8	0.2
1.8	0.3
1.8	0.4
1.8	0.5
1.8	0.6
1.8	0.7
1.8	0.8
1.8	0.9
0.8	0.1
0.8	0.2
0.8	0.3
0.8	0.4
0.8	0.5
0.8	0.6
0.8	0.7
0.8	0.8
0.8	0.9
12
# a b m n rhoa k err
1	2	3	4	1.50089618533859e+00	-3.96832756242921e+00	7.65834957982540e-02
2	3	4	5	2.13471313456416e+00	-3.83845502402244e+00	3.77608362574337e-02
3	4	5	6	4.21583106153940e+00	-3.80159111022631e+00	4.36387830134425e-02
4	5	6	7	6.66006432779246e+00	-3.78712539062879e+00	1.29853132941981e-01
5	6	7	8	4.54295535206986e+00	-3.78029661456755e+00	6.87072415308472e-02
6	7	8	9	2.39495958512134e+00	-3.77665521147109e+00	-1.32195139304880e-01
10	11	12	13	3.47654287106450e+00	-3.96832756242921e+00	-4.43074638848522e-02
11	12	13	14	1.18452086514794e+01	-3.83845502402244e+00	-1.51965388231618e-01
12	13	14	15	5.00963357052643e+01	-3.80159111022631e+00	-9.11403264549326e-01
13	14	15	16	3.06097578480832e+02	-3.78712539062879e+00	-9.53360048786782e+00
14	15	16	17	7.06318596389099e+02	-3.78029661456755e+00	-2.38277454954610e+01
15	16	17	18	1.49287143553885e+03	-3.77665521147109e+00	-5.36781574267355e+01
0
