18
# x z
1.8	0.1
1.8	0.2
1.8	0.3
1.8	0.4
1.8	0.5
1.8	0.6
1.8	0.7
1.8	0.8
1.8	0.9
0.8	0.1
0.8	0.2
0.8	0.3
0.8	0.4
0.8	0.5
0.8	0.6
0.8	0.7
0.8	0.8
0.8	0.9
12
# a b m n rhoa k err
1	2	3	4	1.32304928207970e+00	-3.96832756242921e+00	-1.17804088735948e-01
2	3	4	5	2.18004974184099e+00	-3.83845502402244e+00	4.92502692235323e-02
3	4	5	6	4.37630762085885e+00	-3.80159111022631e+00	2.87891995171831e-02
4	5	6	7	6.56341198623345e+00	-3.78712539062879e+00	-1.84824960152838e-01
5	6	7	8	4.80681847907587e+00	-3.78029661456755e+00	5.71800353063067e-02
6	7	8	9	3.47025935952239e+00	-3.77665521147109e+00	2.02991054691534e-01
10	11	12	13	4.30075840260356e+00	-3.96832756242921e+00	4.06670873174133e-02
11	12	13	14	1.46085188000114e+01	-3.83845502402244e+00	3.54769100498274e-01
12	13	14	15	5.84023920934718e+01	-3.80159111022631e+00	1.46024340124741e+00
13	14	15	16	4.02222022274676e+02	-3.78712539062879e+00	2.85222882990194e+01
14	15	16	17	9.11621203194409e+02	-3.78029661456755e+00	-1.73050493933026e+01
15	16	17	18	1.76879405794548e+03	-3.77665521147109e+00	3.39903709897432e+01
0
