    1 0.000000000     0.000000000     0.000000000    
    2 6.000000000     .9425000000E-02 .1885000000E-01
    3 12.00000000     .1885000000E-01 .3769000000E-01
    4 18.00000000     .2827000000E-01 .5652000000E-01
    5 24.00000000     .3769000000E-01 .7533000000E-01
    6 30.00000000     .4711000000E-01 .9411000000E-01
    7 36.00000000     .5652000000E-01 .1129000000    
    8 42.00000000     .6593000000E-01 .1316000000    
    9 48.00000000     .7533000000E-01 .1502000000    
   10 54.00000000     .8472000000E-01 .1688000000    
   11 60.00000000     .9411000000E-01 .1874000000    
   12 66.00000000     .1035000000     .2059000000    
   13 72.00000000     .1129000000     .2243000000    
   14 78.00000000     .1222000000     .2426000000    
   15 84.00000000     .1316000000     .2608000000    
   16 90.00000000     .1409000000     .2790000000    
   17 96.00000000     .1502000000     .2970000000    
   18 102.0000000     .1595000000     .3150000000    
   19 108.0000000     .1688000000     .3328000000    
   20 114.0000000     .1781000000     .3505000000    
   21 120.0000000     .1874000000     .3681000000    
   22 126.0000000     .1966000000     .3856000000    
   23 132.0000000     .2059000000     .4029000000    
   24 138.0000000     .2151000000     .4201000000    
   25 144.0000000     .2243000000     .4371000000    
   26 150.0000000     .2334000000     .4540000000    
   27 156.0000000     .2426000000     .4707000000    
   28 162.0000000     .2517000000     .4873000000    
   29 168.0000000     .2608000000     .5036000000    
   30 174.0000000     .2699000000     .5198000000    
   31 180.0000000     .2790000000     .5358000000    
   32 186.0000000     .2880000000     .5516000000    
   33 192.0000000     .2970000000     .5673000000    
   34 198.0000000     .3060000000     .5827000000    
   35 204.0000000     .3150000000     .5979000000    
   36 210.0000000     .3239000000     .6129000000    
   37 216.0000000     .3328000000     .6277000000    
   38 222.0000000     .3417000000     .6423000000    
   39 228.0000000     .3505000000     .6566000000    
   40 234.0000000     .3593000000     .6707000000    
   41 240.0000000     .3681000000     .6845000000    
   42 246.0000000     .3769000000     .6982000000    
   43 252.0000000     .3856000000     .7115000000    
   44 258.0000000     .3943000000     .7247000000    
   45 264.0000000     .4029000000     .7375000000    
   46 270.0000000     .4115000000     .7501000000    
   47 276.0000000     .4201000000     .7624000000    
   48 282.0000000     .4286000000     .7745000000    
   49 288.0000000     .4371000000     .7863000000    
   50 294.0000000     .4456000000     .7978000000    
   51 300.0000000     .4540000000     .8090000000    
   52 306.0000000     .4624000000     .8200000000    
   53 312.0000000     .4707000000     .8306000000    
   54 318.0000000     .4790000000     .8409000000    
   55 324.0000000     .4873000000     .8510000000    
   56 330.0000000     .4955000000     .8607000000    
   57 336.0000000     .5036000000     .8702000000    
   58 342.0000000     .5117000000     .8793000000    
   59 348.0000000     .5198000000     .8881000000    
   60 354.0000000     .5278000000     .8966000000    
   61 360.0000000     .5358000000     .9048000000    
   62 366.0000000     .5438000000     .9127000000    
   63 372.0000000     .5516000000     .9202000000    
   64 378.0000000     .5595000000     .9274000000    
   65 384.0000000     .5673000000     .9343000000    
   66 390.0000000     .5750000000     .9409000000    
   67 396.0000000     .5827000000     .9471000000    
   68 402.0000000     .5903000000     .9530000000    
   69 408.0000000     .5979000000     .9585000000    
   70 414.0000000     .6054000000     .9637000000    
   71 420.0000000     .6129000000     .9686000000    
   72 426.0000000     .6203000000     .9731000000    
   73 432.0000000     .6277000000     .9773000000    
   74 438.0000000     .6350000000     .9811000000    
   75 444.0000000     .6423000000     .9846000000    
   76 450.0000000     .6494000000     .9877000000    
   77 456.0000000     .6566000000     .9905000000    
   78 462.0000000     .6637000000     .9929000000    
   79 468.0000000     .6707000000     .9950000000    
   80 474.0000000     .6776000000     .9967000000    
   81 480.0000000     .6845000000     .9980000000    
   82 486.0000000     .6914000000     .9990000000    
   83 492.0000000     .6982000000     .9997000000    
   84 498.0000000     .7049000000     1.000000000    
   85 504.0000000     .7115000000     .9999000000    
   86 510.0000000     .7181000000     .9995000000    
   87 516.0000000     .7247000000     .9987000000    
   88 522.0000000     .7311000000     .9976000000    
   89 528.0000000     .7375000000     .9961000000    
   90 534.0000000     .7438000000     .9943000000    
   91 540.0000000     .7501000000     .9921000000    
   92 546.0000000     .7563000000     .9896000000    
   93 552.0000000     .7624000000     .9867000000    
   94 558.0000000     .7685000000     .9834000000    
   95 564.0000000     .7745000000     .9799000000    
   96 570.0000000     .7804000000     .9759000000    
   97 576.0000000     .7863000000     .9716000000    
   98 582.0000000     .7921000000     .9670000000    
   99 588.0000000     .7978000000     .9620000000    
  100 594.0000000     .8034000000     .9567000000    
  101 600.0000000     .8090000000     .9511000000    
  102 606.0000000     .8145000000     .9451000000    
  103 612.0000000     .8200000000     .9387000000    
  104 618.0000000     .8253000000     .9321000000    
  105 624.0000000     .8306000000     .9251000000    
  106 630.0000000     .8358000000     .9178000000    
  107 636.0000000     .8409000000     .9101000000    
  108 642.0000000     .8460000000     .9021000000    
  109 648.0000000     .8510000000     .8938000000    
  110 654.0000000     .8559000000     .8852000000    
  111 660.0000000     .8607000000     .8763000000    
  112 666.0000000     .8655000000     .8671000000    
  113 672.0000000     .8702000000     .8575000000    
  114 678.0000000     .8748000000     .8477000000    
  115 684.0000000     .8793000000     .8375000000    
  116 690.0000000     .8838000000     .8271000000    
  117 696.0000000     .8881000000     .8163000000    
  118 702.0000000     .8924000000     .8053000000    
  119 708.0000000     .8966000000     .7940000000    
  120 714.0000000     .9008000000     .7824000000    
  121 720.0000000     .9048000000     .7705000000    
  122 726.0000000     .9088000000     .7584000000    
  123 732.0000000     .9127000000     .7459000000    
  124 738.0000000     .9165000000     .7333000000    
  125 744.0000000     .9202000000     .7203000000    
  126 750.0000000     .9239000000     .7071000000    
  127 756.0000000     .9274000000     .6937000000    
  128 762.0000000     .9309000000     .6800000000    
  129 768.0000000     .9343000000     .6660000000    
  130 774.0000000     .9376000000     .6518000000    
  131 780.0000000     .9409000000     .6374000000    
  132 786.0000000     .9440000000     .6228000000    
  133 792.0000000     .9471000000     .6079000000    
  134 798.0000000     .9501000000     .5929000000    
  135 804.0000000     .9530000000     .5776000000    
  136 810.0000000     .9558000000     .5621000000    
  137 816.0000000     .9585000000     .5464000000    
  138 822.0000000     .9612000000     .5305000000    
  139 828.0000000     .9637000000     .5144000000    
  140 834.0000000     .9662000000     .4982000000    
  141 840.0000000     .9686000000     .4818000000    
  142 846.0000000     .9709000000     .4652000000    
  143 852.0000000     .9731000000     .4484000000    
  144 858.0000000     .9752000000     .4315000000    
  145 864.0000000     .9773000000     .4144000000    
  146 870.0000000     .9792000000     .3971000000    
  147 876.0000000     .9811000000     .3798000000    
  148 882.0000000     .9829000000     .3623000000    
  149 888.0000000     .9846000000     .3446000000    
  150 894.0000000     .9862000000     .3269000000    
  151 900.0000000     .9877000000     .3090000000    
  152 906.0000000     .9891000000     .2910000000    
  153 912.0000000     .9905000000     .2730000000    
  154 918.0000000     .9917000000     .2548000000    
  155 924.0000000     .9929000000     .2365000000    
  156 930.0000000     .9940000000     .2181000000    
  157 936.0000000     .9950000000     .1997000000    
  158 942.0000000     .9959000000     .1812000000    
  159 948.0000000     .9967000000     .1626000000    
  160 954.0000000     .9974000000     .1440000000    
  161 960.0000000     .9980000000     .1253000000    
  162 966.0000000     .9986000000     .1066000000    
  163 972.0000000     .9990000000     .8785000000E-01
  164 978.0000000     .9994000000     .6906000000E-01
  165 984.0000000     .9997000000     .5024000000E-01
  166 990.0000000     .9999000000     .3141000000E-01
  167 996.0000000     1.000000000     .1257000000E-01
  168 1002.000000     1.000000000     0.000000000    
  169 1008.000000     .9999000000     0.000000000    
  170 1014.000000     .9998000000     0.000000000    
  171 1020.000000     .9995000000     0.000000000    
  172 1026.000000     .9992000000     0.000000000    
  173 1032.000000     .9987000000     0.000000000    
  174 1038.000000     .9982000000     0.000000000    
  175 1044.000000     .9976000000     0.000000000    
  176 1050.000000     .9969000000     0.000000000    
  177 1056.000000     .9961000000     0.000000000    
  178 1062.000000     .9953000000     0.000000000    
  179 1068.000000     .9943000000     0.000000000    
  180 1074.000000     .9933000000     0.000000000    
  181 1080.000000     .9921000000     0.000000000    
  182 1086.000000     .9909000000     0.000000000    
  183 1092.000000     .9896000000     0.000000000    
  184 1098.000000     .9882000000     0.000000000    
  185 1104.000000     .9867000000     0.000000000    
  186 1110.000000     .9851000000     0.000000000    
  187 1116.000000     .9834000000     0.000000000    
  188 1122.000000     .9817000000     0.000000000    
  189 1128.000000     .9799000000     0.000000000    
  190 1134.000000     .9779000000     0.000000000    
  191 1140.000000     .9759000000     0.000000000    
  192 1146.000000     .9738000000     0.000000000    
  193 1152.000000     .9716000000     0.000000000    
  194 1158.000000     .9694000000     0.000000000    
  195 1164.000000     .9670000000     0.000000000    
  196 1170.000000     .9646000000     0.000000000    
  197 1176.000000     .9620000000     0.000000000    
  198 1182.000000     .9594000000     0.000000000    
  199 1188.000000     .9567000000     0.000000000    
  200 1194.000000     .9539000000     0.000000000    
  201 1200.000000     .9511000000     0.000000000    
  202 1206.000000     .9481000000     0.000000000    
  203 1212.000000     .9451000000     0.000000000    
  204 1218.000000     .9419000000     0.000000000    
  205 1224.000000     .9387000000     0.000000000    
  206 1230.000000     .9354000000     0.000000000    
  207 1236.000000     .9321000000     0.000000000    
  208 1242.000000     .9286000000     0.000000000    
  209 1248.000000     .9251000000     0.000000000    
  210 1254.000000     .9215000000     0.000000000    
  211 1260.000000     .9178000000     0.000000000    
  212 1266.000000     .9140000000     0.000000000    
  213 1272.000000     .9101000000     0.000000000    
  214 1278.000000     .9062000000     0.000000000    
  215 1284.000000     .9021000000     0.000000000    
  216 1290.000000     .8980000000     0.000000000    
  217 1296.000000     .8938000000     0.000000000    
  218 1302.000000     .8896000000     0.000000000    
  219 1308.000000     .8852000000     0.000000000    
  220 1314.000000     .8808000000     0.000000000    
  221 1320.000000     .8763000000     0.000000000    
  222 1326.000000     .8717000000     0.000000000    
  223 1332.000000     .8671000000     0.000000000    
  224 1338.000000     .8623000000     0.000000000    
  225 1344.000000     .8575000000     0.000000000    
  226 1350.000000     .8526000000     0.000000000    
  227 1356.000000     .8477000000     0.000000000    
  228 1362.000000     .8426000000     0.000000000    
  229 1368.000000     .8375000000     0.000000000    
  230 1374.000000     .8323000000     0.000000000    
  231 1380.000000     .8271000000     0.000000000    
  232 1386.000000     .8217000000     0.000000000    
  233 1392.000000     .8163000000     0.000000000    
  234 1398.000000     .8109000000     0.000000000    
  235 1404.000000     .8053000000     0.000000000    
  236 1410.000000     .7997000000     0.000000000    
  237 1416.000000     .7940000000     0.000000000    
  238 1422.000000     .7882000000     0.000000000    
  239 1428.000000     .7824000000     0.000000000    
  240 1434.000000     .7765000000     0.000000000    
  241 1440.000000     .7705000000     0.000000000    
  242 1446.000000     .7645000000     0.000000000    
  243 1452.000000     .7584000000     0.000000000    
  244 1458.000000     .7522000000     0.000000000    
  245 1464.000000     .7459000000     0.000000000    
  246 1470.000000     .7396000000     0.000000000    
  247 1476.000000     .7333000000     0.000000000    
  248 1482.000000     .7268000000     0.000000000    
  249 1488.000000     .7203000000     0.000000000    
  250 1494.000000     .7137000000     0.000000000    
  251 1500.000000     .7071000000     0.000000000    
  252 1506.000000     .7004000000     0.000000000    
  253 1512.000000     .6937000000     0.000000000    
  254 1518.000000     .6868000000     0.000000000    
  255 1524.000000     .6800000000     0.000000000    
  256 1530.000000     .6730000000     0.000000000    
  257 1536.000000     .6660000000     0.000000000    
  258 1542.000000     .6590000000     0.000000000    
  259 1548.000000     .6518000000     0.000000000    
  260 1554.000000     .6447000000     0.000000000    
  261 1560.000000     .6374000000     0.000000000    
  262 1566.000000     .6301000000     0.000000000    
  263 1572.000000     .6228000000     0.000000000    
  264 1578.000000     .6154000000     0.000000000    
  265 1584.000000     .6079000000     0.000000000    
  266 1590.000000     .6004000000     0.000000000    
  267 1596.000000     .5929000000     0.000000000    
  268 1602.000000     .5852000000     0.000000000    
  269 1608.000000     .5776000000     0.000000000    
  270 1614.000000     .5699000000     0.000000000    
  271 1620.000000     .5621000000     0.000000000    
  272 1626.000000     .5543000000     0.000000000    
  273 1632.000000     .5464000000     0.000000000    
  274 1638.000000     .5385000000     0.000000000    
  275 1644.000000     .5305000000     0.000000000    
  276 1650.000000     .5225000000     0.000000000    
  277 1656.000000     .5144000000     0.000000000    
  278 1662.000000     .5063000000     0.000000000    
  279 1668.000000     .4982000000     0.000000000    
  280 1674.000000     .4900000000     0.000000000    
  281 1680.000000     .4818000000     0.000000000    
  282 1686.000000     .4735000000     0.000000000    
  283 1692.000000     .4652000000     0.000000000    
  284 1698.000000     .4568000000     0.000000000    
  285 1704.000000     .4484000000     0.000000000    
  286 1710.000000     .4399000000     0.000000000    
  287 1716.000000     .4315000000     0.000000000    
  288 1722.000000     .4229000000     0.000000000    
  289 1728.000000     .4144000000     0.000000000    
  290 1734.000000     .4058000000     0.000000000    
  291 1740.000000     .3971000000     0.000000000    
  292 1746.000000     .3885000000     0.000000000    
  293 1752.000000     .3798000000     0.000000000    
  294 1758.000000     .3710000000     0.000000000    
  295 1764.000000     .3623000000     0.000000000    
  296 1770.000000     .3535000000     0.000000000    
  297 1776.000000     .3446000000     0.000000000    
  298 1782.000000     .3358000000     0.000000000    
  299 1788.000000     .3269000000     0.000000000    
  300 1794.000000     .3180000000     0.000000000    
  301 1800.000000     .3090000000     0.000000000    
  302 1806.000000     .3000000000     0.000000000    
  303 1812.000000     .2910000000     0.000000000    
  304 1818.000000     .2820000000     0.000000000    
  305 1824.000000     .2730000000     0.000000000    
  306 1830.000000     .2639000000     0.000000000    
  307 1836.000000     .2548000000     0.000000000    
  308 1842.000000     .2456000000     0.000000000    
  309 1848.000000     .2365000000     0.000000000    
  310 1854.000000     .2273000000     0.000000000    
  311 1860.000000     .2181000000     0.000000000    
  312 1866.000000     .2089000000     0.000000000    
  313 1872.000000     .1997000000     0.000000000    
  314 1878.000000     .1905000000     0.000000000    
  315 1884.000000     .1812000000     0.000000000    
  316 1890.000000     .1719000000     0.000000000    
  317 1896.000000     .1626000000     0.000000000    
  318 1902.000000     .1533000000     0.000000000    
  319 1908.000000     .1440000000     0.000000000    
  320 1914.000000     .1347000000     0.000000000    
  321 1920.000000     .1253000000     0.000000000    
  322 1926.000000     .1160000000     0.000000000    
  323 1932.000000     .1066000000     0.000000000    
  324 1938.000000     .9724000000E-01 0.000000000    
  325 1944.000000     .8785000000E-01 0.000000000    
  326 1950.000000     .7846000000E-01 0.000000000    
  327 1956.000000     .6906000000E-01 0.000000000    
  328 1962.000000     .5965000000E-01 0.000000000    
  329 1968.000000     .5024000000E-01 0.000000000    
  330 1974.000000     .4083000000E-01 0.000000000    
  331 1980.000000     .3141000000E-01 0.000000000    
  332 1986.000000     .2199000000E-01 0.000000000    
  333 1992.000000     .1257000000E-01 0.000000000    
  334 1998.000000     .3142000000E-02 0.000000000    
  335 2004.000000     0.000000000     .1257000000E-01
  336 2010.000000     0.000000000     .3141000000E-01
  337 2016.000000     0.000000000     .5024000000E-01
  338 2022.000000     0.000000000     .6906000000E-01
  339 2028.000000     0.000000000     .8785000000E-01
  340 2034.000000     0.000000000     .1066000000    
  341 2040.000000     0.000000000     .1253000000    
  342 2046.000000     0.000000000     .1440000000    
  343 2052.000000     0.000000000     .1626000000    
  344 2058.000000     0.000000000     .1812000000    
  345 2064.000000     0.000000000     .1997000000    
  346 2070.000000     0.000000000     .2181000000    
  347 2076.000000     0.000000000     .2365000000    
  348 2082.000000     0.000000000     .2548000000    
  349 2088.000000     0.000000000     .2730000000    
  350 2094.000000     0.000000000     .2910000000    
  351 2100.000000     0.000000000     .3090000000    
  352 2106.000000     0.000000000     .3269000000    
  353 2112.000000     0.000000000     .3446000000    
  354 2118.000000     0.000000000     .3623000000    
  355 2124.000000     0.000000000     .3798000000    
  356 2130.000000     0.000000000     .3971000000    
  357 2136.000000     0.000000000     .4144000000    
  358 2142.000000     0.000000000     .4315000000    
  359 2148.000000     0.000000000     .4484000000    
  360 2154.000000     0.000000000     .4652000000    
  361 2160.000000     0.000000000     .4818000000    
  362 2166.000000     0.000000000     .4982000000    
  363 2172.000000     0.000000000     .5144000000    
  364 2178.000000     0.000000000     .5305000000    
  365 2184.000000     0.000000000     .5464000000    
  366 2190.000000     0.000000000     .5621000000    
  367 2196.000000     0.000000000     .5776000000    
  368 2202.000000     0.000000000     .5929000000    
  369 2208.000000     0.000000000     .6079000000    
  370 2214.000000     0.000000000     .6228000000    
  371 2220.000000     0.000000000     .6374000000    
  372 2226.000000     0.000000000     .6518000000    
  373 2232.000000     0.000000000     .6660000000    
  374 2238.000000     0.000000000     .6800000000    
  375 2244.000000     0.000000000     .6937000000    
  376 2250.000000     0.000000000     .7071000000    
  377 2256.000000     0.000000000     .7203000000    
  378 2262.000000     0.000000000     .7333000000    
  379 2268.000000     0.000000000     .7459000000    
  380 2274.000000     0.000000000     .7584000000    
  381 2280.000000     0.000000000     .7705000000    
  382 2286.000000     0.000000000     .7824000000    
  383 2292.000000     0.000000000     .7940000000    
  384 2298.000000     0.000000000     .8053000000    
  385 2304.000000     0.000000000     .8163000000    
  386 2310.000000     0.000000000     .8271000000    
  387 2316.000000     0.000000000     .8375000000    
  388 2322.000000     0.000000000     .8477000000    
  389 2328.000000     0.000000000     .8575000000    
  390 2334.000000     0.000000000     .8671000000    
  391 2340.000000     0.000000000     .8763000000    
  392 2346.000000     0.000000000     .8852000000    
  393 2352.000000     0.000000000     .8938000000    
  394 2358.000000     0.000000000     .9021000000    
  395 2364.000000     0.000000000     .9101000000    
  396 2370.000000     0.000000000     .9178000000    
  397 2376.000000     0.000000000     .9251000000    
  398 2382.000000     0.000000000     .9321000000    
  399 2388.000000     0.000000000     .9387000000    
  400 2394.000000     0.000000000     .9451000000    
  401 2400.000000     0.000000000     .9511000000    
  402 2406.000000     0.000000000     .9567000000    
  403 2412.000000     0.000000000     .9620000000    
  404 2418.000000     0.000000000     .9670000000    
  405 2424.000000     0.000000000     .9716000000    
  406 2430.000000     0.000000000     .9759000000    
  407 2436.000000     0.000000000     .9799000000    
  408 2442.000000     0.000000000     .9834000000    
  409 2448.000000     0.000000000     .9867000000    
  410 2454.000000     0.000000000     .9896000000    
  411 2460.000000     0.000000000     .9921000000    
  412 2466.000000     0.000000000     .9943000000    
  413 2472.000000     0.000000000     .9961000000    
  414 2478.000000     0.000000000     .9976000000    
  415 2484.000000     0.000000000     .9987000000    
  416 2490.000000     0.000000000     .9995000000    
  417 2496.000000     0.000000000     .9999000000    
  418 2502.000000     0.000000000     1.000000000    
  419 2508.000000     0.000000000     .9997000000    
  420 2514.000000     0.000000000     .9990000000    
  421 2520.000000     0.000000000     .9980000000    
  422 2526.000000     0.000000000     .9967000000    
  423 2532.000000     0.000000000     .9950000000    
  424 2538.000000     0.000000000     .9929000000    
  425 2544.000000     0.000000000     .9905000000    
  426 2550.000000     0.000000000     .9877000000    
  427 2556.000000     0.000000000     .9846000000    
  428 2562.000000     0.000000000     .9811000000    
  429 2568.000000     0.000000000     .9773000000    
  430 2574.000000     0.000000000     .9731000000    
  431 2580.000000     0.000000000     .9686000000    
  432 2586.000000     0.000000000     .9637000000    
  433 2592.000000     0.000000000     .9585000000    
  434 2598.000000     0.000000000     .9530000000    
  435 2604.000000     0.000000000     .9471000000    
  436 2610.000000     0.000000000     .9409000000    
  437 2616.000000     0.000000000     .9343000000    
  438 2622.000000     0.000000000     .9274000000    
  439 2628.000000     0.000000000     .9202000000    
  440 2634.000000     0.000000000     .9127000000    
  441 2640.000000     0.000000000     .9048000000    
  442 2646.000000     0.000000000     .8966000000    
  443 2652.000000     0.000000000     .8881000000    
  444 2658.000000     0.000000000     .8793000000    
  445 2664.000000     0.000000000     .8702000000    
  446 2670.000000     0.000000000     .8607000000    
  447 2676.000000     0.000000000     .8510000000    
  448 2682.000000     0.000000000     .8409000000    
  449 2688.000000     0.000000000     .8306000000    
  450 2694.000000     0.000000000     .8200000000    
  451 2700.000000     0.000000000     .8090000000    
  452 2706.000000     0.000000000     .7978000000    
  453 2712.000000     0.000000000     .7863000000    
  454 2718.000000     0.000000000     .7745000000    
  455 2724.000000     0.000000000     .7624000000    
  456 2730.000000     0.000000000     .7501000000    
  457 2736.000000     0.000000000     .7375000000    
  458 2742.000000     0.000000000     .7247000000    
  459 2748.000000     0.000000000     .7115000000    
  460 2754.000000     0.000000000     .6982000000    
  461 2760.000000     0.000000000     .6845000000    
  462 2766.000000     0.000000000     .6707000000    
  463 2772.000000     0.000000000     .6566000000    
  464 2778.000000     0.000000000     .6423000000    
  465 2784.000000     0.000000000     .6277000000    
  466 2790.000000     0.000000000     .6129000000    
  467 2796.000000     0.000000000     .5979000000    
  468 2802.000000     0.000000000     .5827000000    
  469 2808.000000     0.000000000     .5673000000    
  470 2814.000000     0.000000000     .5516000000    
  471 2820.000000     0.000000000     .5358000000    
  472 2826.000000     0.000000000     .5198000000    
  473 2832.000000     0.000000000     .5036000000    
  474 2838.000000     0.000000000     .4873000000    
  475 2844.000000     0.000000000     .4707000000    
  476 2850.000000     0.000000000     .4540000000    
  477 2856.000000     0.000000000     .4371000000    
  478 2862.000000     0.000000000     .4201000000    
  479 2868.000000     0.000000000     .4029000000    
  480 2874.000000     0.000000000     .3856000000    
  481 2880.000000     0.000000000     .3681000000    
  482 2886.000000     0.000000000     .3505000000    
  483 2892.000000     0.000000000     .3328000000    
  484 2898.000000     0.000000000     .3150000000    
  485 2904.000000     0.000000000     .2970000000    
  486 2910.000000     0.000000000     .2790000000    
  487 2916.000000     0.000000000     .2608000000    
  488 2922.000000     0.000000000     .2426000000    
  489 2928.000000     0.000000000     .2243000000    
  490 2934.000000     0.000000000     .2059000000    
  491 2940.000000     0.000000000     .1874000000    
  492 2946.000000     0.000000000     .1688000000    
  493 2952.000000     0.000000000     .1502000000    
  494 2958.000000     0.000000000     .1316000000    
  495 2964.000000     0.000000000     .1129000000    
  496 2970.000000     0.000000000     .9411000000E-01
  497 2976.000000     0.000000000     .7533000000E-01
  498 2982.000000     0.000000000     .5652000000E-01
  499 2988.000000     0.000000000     .3769000000E-01
  500 2994.000000     0.000000000     .1885000000E-01
  501 3000.000000     0.000000000     .3674000000E-15
