    1 0.000        1
    2 6.000        1
    3 12.00        1
    4 18.00        1
    5 24.00        1
    6 30.00        1
    7 36.00        1
    8 42.00        1
    9 48.00        1
   10 54.00        1
   11 60.00        1
   12 66.00        1
   13 72.00        1
   14 78.00        1
   15 84.00        1
   16 90.00        1
   17 96.00        1
   18 102.0        1
   19 108.0        1
   20 114.0        1
   21 120.0        1
   22 126.0        1
   23 132.0        1
   24 138.0        1
   25 144.0        1
   26 150.0        1
   27 156.0        1
   28 162.0        1
   29 168.0        1
   30 174.0        1
   31 180.0        1
   32 186.0        1
   33 192.0        1
   34 198.0        1
   35 204.0        1
   36 210.0        1
   37 216.0        1
   38 222.0        1
   39 228.0        1
   40 234.0        1
   41 240.0        1
   42 246.0        1
   43 252.0        1
   44 258.0        1
   45 264.0        1
   46 270.0        1
   47 276.0        1
   48 282.0        1
   49 288.0        1
   50 294.0        1
   51 300.0        1
   52 306.0        1
   53 312.0        1
   54 318.0        1
   55 324.0        1
   56 330.0        1
   57 336.0        1
   58 342.0        1
   59 348.0        1
   60 354.0        1
   61 360.0        1
   62 366.0        1
   63 372.0        1
   64 378.0        1
   65 384.0        1
   66 390.0        1
   67 396.0        1
   68 402.0        1
   69 408.0        1
   70 414.0        1
   71 420.0        1
   72 426.0        1
   73 432.0        1
   74 438.0        1
   75 444.0        1
   76 450.0        1
   77 456.0        1
   78 462.0        1
   79 468.0        1
   80 474.0        1
   81 480.0        1
   82 486.0        1
   83 492.0        1
   84 498.0        1
   85 504.0        1
   86 510.0        1
   87 516.0        1
   88 522.0        1
   89 528.0        1
   90 534.0        1
   91 540.0        1
   92 546.0        1
   93 552.0        1
   94 558.0        1
   95 564.0        1
   96 570.0        1
   97 576.0        1
   98 582.0        1
   99 588.0        1
  100 594.0        1
  101 600.0        1
  102 606.0        1
  103 612.0        1
  104 618.0        1
  105 624.0        1
  106 630.0        1
  107 636.0        1
  108 642.0        1
  109 648.0        1
  110 654.0        1
  111 660.0        1
  112 666.0        1
  113 672.0        1
  114 678.0        1
  115 684.0        1
  116 690.0        1
  117 696.0        1
  118 702.0        1
  119 708.0        1
  120 714.0        1
  121 720.0        1
  122 726.0        1
  123 732.0        1
  124 738.0        1
  125 744.0        1
  126 750.0        1
  127 756.0        1
  128 762.0        1
  129 768.0        1
  130 774.0        1
  131 780.0        1
  132 786.0        1
  133 792.0        1
  134 798.0        1
  135 804.0        1
  136 810.0        1
  137 816.0        1
  138 822.0        1
  139 828.0        1
  140 834.0        1
  141 840.0        1
  142 846.0        1
  143 852.0        1
  144 858.0        1
  145 864.0        1
  146 870.0        1
  147 876.0        1
  148 882.0        1
  149 888.0        1
  150 894.0        1
  151 900.0        1
  152 906.0        1
  153 912.0        1
  154 918.0        1
  155 924.0        1
  156 930.0        1
  157 936.0        1
  158 942.0        1
  159 948.0        1
  160 954.0        1
  161 960.0        1
  162 966.0        1
  163 972.0        1
  164 978.0        1
  165 984.0        1
  166 990.0        1
  167 996.0        1
  168 1002.        1
  169 1008.        1
  170 1014.        1
  171 1020.        1
  172 1026.        1
  173 1032.        1
  174 1038.        1
  175 1044.        1
  176 1050.        1
  177 1056.        1
  178 1062.        1
  179 1068.        1
  180 1074.        1
  181 1080.        1
  182 1086.        1
  183 1092.        1
  184 1098.        1
  185 1104.        1
  186 1110.        1
  187 1116.        1
  188 1122.        1
  189 1128.        1
  190 1134.        1
  191 1140.        1
  192 1146.        1
  193 1152.        1
  194 1158.        1
  195 1164.        1
  196 1170.        1
  197 1176.        1
  198 1182.        1
  199 1188.        1
  200 1194.        1
  201 1200.        1
  202 1206.        1
  203 1212.        1
  204 1218.        1
  205 1224.        1
  206 1230.        1
  207 1236.        1
  208 1242.        1
  209 1248.        1
  210 1254.        1
  211 1260.        1
  212 1266.        1
  213 1272.        1
  214 1278.        1
  215 1284.        1
  216 1290.        1
  217 1296.        1
  218 1302.        1
  219 1308.        1
  220 1314.        1
  221 1320.        1
  222 1326.        1
  223 1332.        1
  224 1338.        1
  225 1344.        1
  226 1350.        1
  227 1356.        1
  228 1362.        1
  229 1368.        1
  230 1374.        1
  231 1380.        1
  232 1386.        1
  233 1392.        1
  234 1398.        1
  235 1404.        1
  236 1410.        1
  237 1416.        1
  238 1422.        1
  239 1428.        1
  240 1434.        1
  241 1440.        1
  242 1446.        1
  243 1452.        1
  244 1458.        1
  245 1464.        1
  246 1470.        1
  247 1476.        1
  248 1482.        1
  249 1488.        1
  250 1494.        1
  251 1500.        1
  252 1506.        1
  253 1512.        1
  254 1518.        1
  255 1524.        1
  256 1530.        1
  257 1536.        1
  258 1542.        1
  259 1548.        1
  260 1554.        1
  261 1560.        1
  262 1566.        1
  263 1572.        1
  264 1578.        1
  265 1584.        1
  266 1590.        1
  267 1596.        1
  268 1602.        1
  269 1608.        1
  270 1614.        1
  271 1620.        1
  272 1626.        1
  273 1632.        1
  274 1638.        1
  275 1644.        1
  276 1650.        1
  277 1656.        1
  278 1662.        1
  279 1668.        1
  280 1674.        1
  281 1680.        1
  282 1686.        1
  283 1692.        1
  284 1698.        1
  285 1704.        1
  286 1710.        1
  287 1716.        1
  288 1722.        1
  289 1728.        1
  290 1734.        1
  291 1740.        1
  292 1746.        1
  293 1752.        1
  294 1758.        1
  295 1764.        1
  296 1770.        1
  297 1776.        1
  298 1782.        1
  299 1788.        1
  300 1794.        1
  301 1800.        1
  302 1806.        1
  303 1812.        1
  304 1818.        1
  305 1824.        1
  306 1830.        1
  307 1836.        1
  308 1842.        1
  309 1848.        1
  310 1854.        1
  311 1860.        1
  312 1866.        1
  313 1872.        1
  314 1878.        1
  315 1884.        1
  316 1890.        1
  317 1896.        1
  318 1902.        1
  319 1908.        1
  320 1914.        1
  321 1920.        1
  322 1926.        1
  323 1932.        1
  324 1938.        1
  325 1944.        1
  326 1950.        1
  327 1956.        1
  328 1962.        1
  329 1968.        1
  330 1974.        1
  331 1980.        1
  332 1986.        1
  333 1992.        1
  334 1998.        1
  335 2004.        1
  336 2010.        1
  337 2016.        1
  338 2022.        1
  339 2028.        1
  340 2034.        1
  341 2040.        1
  342 2046.        1
  343 2052.        1
  344 2058.        1
  345 2064.        1
  346 2070.        1
  347 2076.        1
  348 2082.        1
  349 2088.        1
  350 2094.        1
  351 2100.        1
  352 2106.        1
  353 2112.        1
  354 2118.        1
  355 2124.        1
  356 2130.        1
  357 2136.        1
  358 2142.        1
  359 2148.        1
  360 2154.        1
  361 2160.        1
  362 2166.        1
  363 2172.        1
  364 2178.        1
  365 2184.        1
  366 2190.        1
  367 2196.        1
  368 2202.        1
  369 2208.        1
  370 2214.        1
  371 2220.        1
  372 2226.        1
  373 2232.        1
  374 2238.        1
  375 2244.        1
  376 2250.        1
  377 2256.        1
  378 2262.        1
  379 2268.        1
  380 2274.        1
  381 2280.        1
  382 2286.        1
  383 2292.        1
  384 2298.        1
  385 2304.        1
  386 2310.        1
  387 2316.        1
  388 2322.        1
  389 2328.        1
  390 2334.        1
  391 2340.        1
  392 2346.        1
  393 2352.        1
  394 2358.        1
  395 2364.        1
  396 2370.        1
  397 2376.        1
  398 2382.        1
  399 2388.        1
  400 2394.        1
  401 2400.        1
  402 2406.        1
  403 2412.        1
  404 2418.        1
  405 2424.        1
  406 2430.        1
  407 2436.        1
  408 2442.        1
  409 2448.        1
  410 2454.        1
  411 2460.        1
  412 2466.        1
  413 2472.        1
  414 2478.        1
  415 2484.        1
  416 2490.        1
  417 2496.        1
  418 2502.        1
  419 2508.        1
  420 2514.        1
  421 2520.        1
  422 2526.        1
  423 2532.        1
  424 2538.        1
  425 2544.        1
  426 2550.        1
  427 2556.        1
  428 2562.        1
  429 2568.        1
  430 2574.        1
  431 2580.        1
  432 2586.        1
  433 2592.        1
  434 2598.        1
  435 2604.        1
  436 2610.        1
  437 2616.        1
  438 2622.        1
  439 2628.        1
  440 2634.        1
  441 2640.        1
  442 2646.        1
  443 2652.        1
  444 2658.        1
  445 2664.        1
  446 2670.        1
  447 2676.        1
  448 2682.        1
  449 2688.        1
  450 2694.        1
  451 2700.        1
  452 2706.        1
  453 2712.        1
  454 2718.        1
  455 2724.        1
  456 2730.        1
  457 2736.        1
  458 2742.        1
  459 2748.        1
  460 2754.        1
  461 2760.        1
  462 2766.        1
  463 2772.        1
  464 2778.        1
  465 2784.        1
  466 2790.        1
  467 2796.        1
  468 2802.        1
  469 2808.        1
  470 2814.        1
  471 2820.        1
  472 2826.        1
  473 2832.        1
  474 2838.        1
  475 2844.        1
  476 2850.        1
  477 2856.        1
  478 2862.        1
  479 2868.        1
  480 2874.        1
  481 2880.        1
  482 2886.        1
  483 2892.        1
  484 2898.        1
  485 2904.        1
  486 2910.        1
  487 2916.        1
  488 2922.        1
  489 2928.        1
  490 2934.        1
  491 2940.        1
  492 2946.        1
  493 2952.        1
  494 2958.        1
  495 2964.        1
  496 2970.        1
  497 2976.        1
  498 2982.        1
  499 2988.        1
  500 2994.        1
  501 3000.        1
 0.000    0.9425E-020.1885E-010.2827E-010.3769E-010.4711E-010.5652E-01
0.6593E-010.7533E-010.8472E-010.9411E-010.1035    0.1129    0.1222    
0.1316    0.1409    0.1502    0.1595    0.1688    0.1781    0.1874    
0.1966    0.2059    0.2151    0.2243    0.2334    0.2426    0.2517    
0.2608    0.2699    0.2790    0.2880    0.2970    0.3060    0.3150    
0.3239    0.3328    0.3417    0.3505    0.3593    0.3681    0.3769    
0.3856    0.3943    0.4029    0.4115    0.4201    0.4286    0.4371    
0.4456    0.4540    0.4624    0.4707    0.4790    0.4873    0.4955    
0.5036    0.5117    0.5198    0.5278    0.5358    0.5438    0.5516    
0.5595    0.5673    0.5750    0.5827    0.5903    0.5979    0.6054    
0.6129    0.6203    0.6277    0.6350    0.6423    0.6494    0.6566    
0.6637    0.6707    0.6776    0.6845    0.6914    0.6982    0.7049    
0.7115    0.7181    0.7247    0.7311    0.7375    0.7438    0.7501    
0.7563    0.7624    0.7685    0.7745    0.7804    0.7863    0.7921    
0.7978    0.8034    0.8090    0.8145    0.8200    0.8253    0.8306    
0.8358    0.8409    0.8460    0.8510    0.8559    0.8607    0.8655    
0.8702    0.8748    0.8793    0.8838    0.8881    0.8924    0.8966    
0.9008    0.9048    0.9088    0.9127    0.9165    0.9202    0.9239    
0.9274    0.9309    0.9343    0.9376    0.9409    0.9440    0.9471    
0.9501    0.9530    0.9558    0.9585    0.9612    0.9637    0.9662    
0.9686    0.9709    0.9731    0.9752    0.9773    0.9792    0.9811    
0.9829    0.9846    0.9862    0.9877    0.9891    0.9905    0.9917    
0.9929    0.9940    0.9950    0.9959    0.9967    0.9974    0.9980    
0.9986    0.9990    0.9994    0.9997    0.9999     1.000     1.000    
0.9999    0.9998    0.9995    0.9992    0.9987    0.9982    0.9976    
0.9969    0.9961    0.9953    0.9943    0.9933    0.9921    0.9909    
0.9896    0.9882    0.9867    0.9851    0.9834    0.9817    0.9799    
0.9779    0.9759    0.9738    0.9716    0.9694    0.9670    0.9646    
0.9620    0.9594    0.9567    0.9539    0.9511    0.9481    0.9451    
0.9419    0.9387    0.9354    0.9321    0.9286    0.9251    0.9215    
0.9178    0.9140    0.9101    0.9062    0.9021    0.8980    0.8938    
0.8896    0.8852    0.8808    0.8763    0.8717    0.8671    0.8623    
0.8575    0.8526    0.8477    0.8426    0.8375    0.8323    0.8271    
0.8217    0.8163    0.8109    0.8053    0.7997    0.7940    0.7882    
0.7824    0.7765    0.7705    0.7645    0.7584    0.7522    0.7459    
0.7396    0.7333    0.7268    0.7203    0.7137    0.7071    0.7004    
0.6937    0.6868    0.6800    0.6730    0.6660    0.6590    0.6518    
0.6447    0.6374    0.6301    0.6228    0.6154    0.6079    0.6004    
0.5929    0.5852    0.5776    0.5699    0.5621    0.5543    0.5464    
0.5385    0.5305    0.5225    0.5144    0.5063    0.4982    0.4900    
0.4818    0.4735    0.4652    0.4568    0.4484    0.4399    0.4315    
0.4229    0.4144    0.4058    0.3971    0.3885    0.3798    0.3710    
0.3623    0.3535    0.3446    0.3358    0.3269    0.3180    0.3090    
0.3000    0.2910    0.2820    0.2730    0.2639    0.2548    0.2456    
0.2365    0.2273    0.2181    0.2089    0.1997    0.1905    0.1812    
0.1719    0.1626    0.1533    0.1440    0.1347    0.1253    0.1160    
0.1066    0.9724E-010.8785E-010.7846E-010.6906E-010.5965E-010.5024E-01
0.4083E-010.3141E-010.2199E-010.1257E-010.3142E-02 0.000     0.000    
 0.000     0.000     0.000     0.000     0.000     0.000     0.000    
 0.000     0.000     0.000     0.000     0.000     0.000     0.000    
 0.000     0.000     0.000     0.000     0.000     0.000     0.000    
 0.000     0.000     0.000     0.000     0.000     0.000     0.000    
 0.000     0.000     0.000     0.000     0.000     0.000     0.000    
 0.000     0.000     0.000     0.000     0.000     0.000     0.000    
 0.000     0.000     0.000     0.000     0.000     0.000     0.000    
 0.000     0.000     0.000     0.000     0.000     0.000     0.000    
 0.000     0.000     0.000     0.000     0.000     0.000     0.000    
 0.000     0.000     0.000     0.000     0.000     0.000     0.000    
 0.000     0.000     0.000     0.000     0.000     0.000     0.000    
 0.000     0.000     0.000     0.000     0.000     0.000     0.000    
 0.000     0.000     0.000     0.000     0.000     0.000     0.000    
 0.000     0.000     0.000     0.000     0.000     0.000     0.000    
 0.000     0.000     0.000     0.000     0.000     0.000     0.000    
 0.000     0.000     0.000     0.000     0.000     0.000     0.000    
 0.000     0.000     0.000     0.000     0.000     0.000     0.000    
 0.000     0.000     0.000     0.000     0.000     0.000     0.000    
 0.000     0.000     0.000     0.000     0.000     0.000     0.000    
 0.000     0.000     0.000     0.000     0.000     0.000     0.000    
 0.000     0.000     0.000     0.000     0.000     0.000     0.000    
 0.000     0.000     0.000     0.000     0.000     0.000     0.000    
 0.000     0.000     0.000     0.000     0.000     0.000     0.000    
 0.000     0.000     0.000     0.000    
 0.000    0.1885E-010.3769E-010.5652E-010.7533E-010.9411E-010.1129    
0.1316    0.1502    0.1688    0.1874    0.2059    0.2243    0.2426    
0.2608    0.2790    0.2970    0.3150    0.3328    0.3505    0.3681    
0.3856    0.4029    0.4201    0.4371    0.4540    0.4707    0.4873    
0.5036    0.5198    0.5358    0.5516    0.5673    0.5827    0.5979    
0.6129    0.6277    0.6423    0.6566    0.6707    0.6845    0.6982    
0.7115    0.7247    0.7375    0.7501    0.7624    0.7745    0.7863    
0.7978    0.8090    0.8200    0.8306    0.8409    0.8510    0.8607    
0.8702    0.8793    0.8881    0.8966    0.9048    0.9127    0.9202    
0.9274    0.9343    0.9409    0.9471    0.9530    0.9585    0.9637    
0.9686    0.9731    0.9773    0.9811    0.9846    0.9877    0.9905    
0.9929    0.9950    0.9967    0.9980    0.9990    0.9997     1.000    
0.9999    0.9995    0.9987    0.9976    0.9961    0.9943    0.9921    
0.9896    0.9867    0.9834    0.9799    0.9759    0.9716    0.9670    
0.9620    0.9567    0.9511    0.9451    0.9387    0.9321    0.9251    
0.9178    0.9101    0.9021    0.8938    0.8852    0.8763    0.8671    
0.8575    0.8477    0.8375    0.8271    0.8163    0.8053    0.7940    
0.7824    0.7705    0.7584    0.7459    0.7333    0.7203    0.7071    
0.6937    0.6800    0.6660    0.6518    0.6374    0.6228    0.6079    
0.5929    0.5776    0.5621    0.5464    0.5305    0.5144    0.4982    
0.4818    0.4652    0.4484    0.4315    0.4144    0.3971    0.3798    
0.3623    0.3446    0.3269    0.3090    0.2910    0.2730    0.2548    
0.2365    0.2181    0.1997    0.1812    0.1626    0.1440    0.1253    
0.1066    0.8785E-010.6906E-010.5024E-010.3141E-010.1257E-01 0.000    
 0.000     0.000     0.000     0.000     0.000     0.000     0.000    
 0.000     0.000     0.000     0.000     0.000     0.000     0.000    
 0.000     0.000     0.000     0.000     0.000     0.000     0.000    
 0.000     0.000     0.000     0.000     0.000     0.000     0.000    
 0.000     0.000     0.000     0.000     0.000     0.000     0.000    
 0.000     0.000     0.000     0.000     0.000     0.000     0.000    
 0.000     0.000     0.000     0.000     0.000     0.000     0.000    
 0.000     0.000     0.000     0.000     0.000     0.000     0.000    
 0.000     0.000     0.000     0.000     0.000     0.000     0.000    
 0.000     0.000     0.000     0.000     0.000     0.000     0.000    
 0.000     0.000     0.000     0.000     0.000     0.000     0.000    
 0.000     0.000     0.000     0.000     0.000     0.000     0.000    
 0.000     0.000     0.000     0.000     0.000     0.000     0.000    
 0.000     0.000     0.000     0.000     0.000     0.000     0.000    
 0.000     0.000     0.000     0.000     0.000     0.000     0.000    
 0.000     0.000     0.000     0.000     0.000     0.000     0.000    
 0.000     0.000     0.000     0.000     0.000     0.000     0.000    
 0.000     0.000     0.000     0.000     0.000     0.000     0.000    
 0.000     0.000     0.000     0.000     0.000     0.000     0.000    
 0.000     0.000     0.000     0.000     0.000     0.000     0.000    
 0.000     0.000     0.000     0.000     0.000     0.000     0.000    
 0.000     0.000     0.000     0.000     0.000     0.000     0.000    
 0.000     0.000     0.000     0.000     0.000     0.000     0.000    
 0.000     0.000     0.000     0.000     0.000    0.1257E-010.3141E-01
0.5024E-010.6906E-010.8785E-010.1066    0.1253    0.1440    0.1626    
0.1812    0.1997    0.2181    0.2365    0.2548    0.2730    0.2910    
0.3090    0.3269    0.3446    0.3623    0.3798    0.3971    0.4144    
0.4315    0.4484    0.4652    0.4818    0.4982    0.5144    0.5305    
0.5464    0.5621    0.5776    0.5929    0.6079    0.6228    0.6374    
0.6518    0.6660    0.6800    0.6937    0.7071    0.7203    0.7333    
0.7459    0.7584    0.7705    0.7824    0.7940    0.8053    0.8163    
0.8271    0.8375    0.8477    0.8575    0.8671    0.8763    0.8852    
0.8938    0.9021    0.9101    0.9178    0.9251    0.9321    0.9387    
0.9451    0.9511    0.9567    0.9620    0.9670    0.9716    0.9759    
0.9799    0.9834    0.9867    0.9896    0.9921    0.9943    0.9961    
0.9976    0.9987    0.9995    0.9999     1.000    0.9997    0.9990    
0.9980    0.9967    0.9950    0.9929    0.9905    0.9877    0.9846    
0.9811    0.9773    0.9731    0.9686    0.9637    0.9585    0.9530    
0.9471    0.9409    0.9343    0.9274    0.9202    0.9127    0.9048    
0.8966    0.8881    0.8793    0.8702    0.8607    0.8510    0.8409    
0.8306    0.8200    0.8090    0.7978    0.7863    0.7745    0.7624    
0.7501    0.7375    0.7247    0.7115    0.6982    0.6845    0.6707    
0.6566    0.6423    0.6277    0.6129    0.5979    0.5827    0.5673    
0.5516    0.5358    0.5198    0.5036    0.4873    0.4707    0.4540    
0.4371    0.4201    0.4029    0.3856    0.3681    0.3505    0.3328    
0.3150    0.2970    0.2790    0.2608    0.2426    0.2243    0.2059    
0.1874    0.1688    0.1502    0.1316    0.1129    0.9411E-010.7533E-01
0.5652E-010.3769E-010.1885E-010.3674E-15
        1.        1.        1.        1.
